add:

554:
[554, 555, 558, 559, 570, 571, 574, 575, 618, 619, 622, 623,
 634, 635, 638, 639, 810, 811, 814, 815, 826, 827, 830, 831,
 874, 875, 878, 879, 890, 891, 894, 895]

672:
[672, 673, 676, 677, 688, 689, 692, 693, 736, 737, 740, 741,
 752, 753, 756, 757, 928, 929, 932, 933, 944, 945, 948, 949,
 992, 993, 996, 997, 1008, 1009, 1012, 1013]

160:
[160, 161, 164, 165, 176, 177, 180, 181, 224, 225, 228, 229,
 240, 241, 244, 245, 416, 417, 420, 421, 432, 433, 436, 437,
 480, 481, 484, 485, 496, 497, 500, 501]

sub:

648:
[648, 649, 652, 653, 664, 665, 668, 669, 712, 713, 716, 717,
 728, 729, 732, 733, 904, 905, 908, 909, 920, 921, 924, 925,
 968, 969, 972, 973, 984, 985, 988, 989]

162:
[162, 163, 166, 167, 178, 179, 182, 183, 226, 227, 230, 231,
 242, 243, 246, 247, 418, 419, 422, 423, 434, 435, 438, 439,
 482, 483, 486, 487, 498, 499, 502, 503]

522:
[522, 523, 526, 527, 538, 539, 542, 543, 586, 587, 590, 591,
 602, 603, 606, 607, 778, 779, 782, 783, 794, 795, 798, 799,
 842, 843, 846, 847, 858, 859, 862, 863]

mul:

512:
[512, 513, 516, 517, 528, 529, 532, 533, 576, 577, 580, 581,
 592, 593, 596, 597, 768, 769, 772, 773, 784, 785, 788, 789,
 832, 833, 836, 837, 848, 849, 852, 853]

128:
[128, 129, 132, 133, 144, 145, 148, 149, 192, 193, 196, 197,
 208, 209, 212, 213, 384, 385, 388, 389, 400, 401, 404, 405,
 448, 449, 452, 453, 464, 465, 468, 469]

642:
[642, 643, 646, 647, 658, 659, 662, 663, 706, 707, 710, 711,
 722, 723, 726, 727, 898, 899, 902, 903, 914, 915, 918, 919,
 962, 963, 966, 967, 978, 979, 982, 983]
